  0.99833521E+00  0.88603560E-03  0.28384629E-04  0.86005775E-04  0.16720352E-03  0.20866959E-03  0.16720352E-03  0.86005775E-04  0.28384629E-04  0.60057086E-05  0.88840941E-06
  0.88840941E-06  0.99851634E+00  0.73240855E-03  0.86005775E-04  0.16720352E-03  0.20866959E-03  0.16720352E-03  0.86005775E-04  0.28384629E-04  0.60057086E-05  0.88840941E-06
  0.88840941E-06  0.60057086E-05  0.99871472E+00  0.61402365E-03  0.16720352E-03  0.20866959E-03  0.16720352E-03  0.86005775E-04  0.28384629E-04  0.60057086E-05  0.88840941E-06
  0.88840941E-06  0.60057086E-05  0.28384629E-04  0.99894835E+00  0.51921546E-03  0.20866959E-03  0.16720352E-03  0.86005775E-04  0.28384629E-04  0.60057086E-05  0.88840941E-06
  0.88840941E-06  0.60057086E-05  0.28384629E-04  0.86005775E-04  0.99920555E+00  0.38467556E-03  0.16720352E-03  0.86005775E-04  0.28384629E-04  0.60057086E-05  0.88840941E-06
  0.88840941E-06  0.60057086E-05  0.28384629E-04  0.86005775E-04  0.16720352E-03  0.99942302E+00  0.16720352E-03  0.86005775E-04  0.28384629E-04  0.60057086E-05  0.88840941E-06
  0.88840941E-06  0.60057086E-05  0.28384629E-04  0.86005775E-04  0.16720352E-03  0.38467556E-03  0.99920555E+00  0.86005775E-04  0.28384629E-04  0.60057086E-05  0.88840941E-06
  0.88840941E-06  0.60057086E-05  0.28384629E-04  0.86005775E-04  0.16720352E-03  0.20866959E-03  0.51921546E-03  0.99894835E+00  0.28384629E-04  0.60057086E-05  0.88840941E-06
  0.88840941E-06  0.60057086E-05  0.28384629E-04  0.86005775E-04  0.16720352E-03  0.20866959E-03  0.16720352E-03  0.61402365E-03  0.99871472E+00  0.60057086E-05  0.88840941E-06
  0.88840941E-06  0.60057086E-05  0.28384629E-04  0.86005775E-04  0.16720352E-03  0.20866959E-03  0.16720352E-03  0.86005775E-04  0.73240855E-03  0.99851634E+00  0.88840941E-06
  0.88840941E-06  0.60057086E-05  0.28384629E-04  0.86005775E-04  0.16720352E-03  0.20866959E-03  0.16720352E-03  0.86005775E-04  0.28384629E-04  0.88603560E-03  0.99833521E+00
