  0.99889628E+00  0.15843440E-03  0.21020652E-04  0.11875701E-03  0.22012003E-03  0.22445618E-03  0.22012003E-03  0.11875701E-03  0.21020652E-04  0.10241235E-05  0.10864447E-07
  0.10864447E-07  0.99892769E+00  0.14803041E-03  0.11875701E-03  0.22012003E-03  0.22445618E-03  0.22012003E-03  0.11875701E-03  0.21020652E-04  0.10241235E-05  0.10864447E-07
  0.10864447E-07  0.10241235E-05  0.99897800E+00  0.21545512E-03  0.22012003E-03  0.22445618E-03  0.22012003E-03  0.11875701E-03  0.21020652E-04  0.10241235E-05  0.10864447E-07
  0.10864447E-07  0.10241235E-05  0.21020652E-04  0.99910577E+00  0.28678085E-03  0.22445618E-03  0.22012003E-03  0.11875701E-03  0.21020652E-04  0.10241235E-05  0.10864447E-07
  0.10864447E-07  0.10241235E-05  0.21020652E-04  0.11875701E-03  0.99923433E+00  0.26392386E-03  0.22012003E-03  0.11875701E-03  0.21020652E-04  0.10241235E-05  0.10864447E-07
  0.10864447E-07  0.10241235E-05  0.21020652E-04  0.11875701E-03  0.22012003E-03  0.99927813E+00  0.22012003E-03  0.11875701E-03  0.21020652E-04  0.10241235E-05  0.10864447E-07
  0.10864447E-07  0.10241235E-05  0.21020652E-04  0.11875701E-03  0.22012003E-03  0.26392386E-03  0.99923433E+00  0.11875701E-03  0.21020652E-04  0.10241235E-05  0.10864447E-07
  0.10864447E-07  0.10241235E-05  0.21020652E-04  0.11875701E-03  0.22012003E-03  0.22445618E-03  0.28678085E-03  0.99910577E+00  0.21020652E-04  0.10241235E-05  0.10864447E-07
  0.10864447E-07  0.10241235E-05  0.21020652E-04  0.11875701E-03  0.22012003E-03  0.22445618E-03  0.22012003E-03  0.21545512E-03  0.99897800E+00  0.10241235E-05  0.10864447E-07
  0.10864447E-07  0.10241235E-05  0.21020652E-04  0.11875701E-03  0.22012003E-03  0.22445618E-03  0.22012003E-03  0.11875701E-03  0.14803041E-03  0.99892769E+00  0.10864447E-07
  0.10864447E-07  0.10241235E-05  0.21020652E-04  0.11875701E-03  0.22012003E-03  0.22445618E-03  0.22012003E-03  0.11875701E-03  0.21020652E-04  0.15843440E-03  0.99889628E+00
